0.000000000000000000e+00
0.000000000000000000e+00
0.000000000000000000e+00
0.000000000000000000e+00
0.000000000000000000e+00
0.000000000000000000e+00
0.000000000000000000e+00
0.000000000000000000e+00
1.800537109375000000e-03
0.000000000000000000e+00
0.000000000000000000e+00
0.000000000000000000e+00
1.520919799804687500e-02
5.741834640502929688e-03
5.345344543457031250e-03
1.258134841918945312e-03
0.000000000000000000e+00
1.664733886718750000e-02
1.506233215332031250e-02
1.563739776611328125e-02
0.000000000000000000e+00
2.794051170349121094e-02
4.286289215087890625e-03
1.719617843627929688e-02
1.401233673095703125e-02
3.142547607421875000e-02
1.404690742492675781e-02
1.563668251037597656e-02
3.297328948974609375e-02
1.527047157287597656e-02
3.024554252624511719e-02
4.220652580261230469e-02
4.669690132141113281e-02
3.124284744262695312e-02
5.647587776184082031e-02
3.130531311035156250e-02
4.705905914306640625e-02
4.749298095703125000e-02
4.702782630920410156e-02
4.690027236938476562e-02
4.686641693115234375e-02
4.706668853759765625e-02
6.453609466552734375e-02
4.827308654785156250e-02
5.428099632263183594e-02
6.081485748291015625e-02
7.833766937255859375e-02
7.245802879333496094e-02
7.095956802368164062e-02
7.221341133117675781e-02
7.902359962463378906e-02
7.670354843139648438e-02
7.756662368774414062e-02
8.039212226867675781e-02
7.703065872192382812e-02
1.237778663635253906e-01
1.246566772460937500e-01
1.187777519226074219e-01
1.166033744812011719e-01
1.162877082824707031e-01
1.192283630371093750e-01
1.140501499176025391e-01
1.263418197631835938e-01
1.090064048767089844e-01
1.106805801391601562e-01
1.318664550781250000e-01
1.423599720001220703e-01
1.449632644653320312e-01
1.422731876373291016e-01
1.420722007751464844e-01
1.525301933288574219e-01
1.588962078094482422e-01
1.579868793487548828e-01
1.593308448791503906e-01
1.721975803375244141e-01
1.621243953704833984e-01
1.725537776947021484e-01
1.812534332275390625e-01
1.877138614654541016e-01
1.753723621368408203e-01
2.048265933990478516e-01
2.012817859649658203e-01
2.044870853424072266e-01
2.092986106872558594e-01
2.198610305786132812e-01
2.423822879791259766e-01
2.227256298065185547e-01
2.213926315307617188e-01
2.385120391845703125e-01
2.560501098632812500e-01
2.499077320098876953e-01
2.744054794311523438e-01
2.647776603698730469e-01
2.702162265777587891e-01
2.828557491302490234e-01
2.849690914154052734e-01
2.823877334594726562e-01
3.165812492370605469e-01
3.799309730529785156e-01
3.444628715515136719e-01
3.682119846343994141e-01
3.504402637481689453e-01
3.193342685699462891e-01
3.124740123748779297e-01
3.164818286895751953e-01
3.318419456481933594e-01
3.525919914245605469e-01
3.512887954711914062e-01
3.662843704223632812e-01
3.612568378448486328e-01
3.944678306579589844e-01
3.956000804901123047e-01
3.814933300018310547e-01
3.949735164642333984e-01
4.292762279510498047e-01
4.156773090362548828e-01
4.094700813293457031e-01
4.455173015594482422e-01
4.289610385894775391e-01
4.269878864288330078e-01
4.742033481597900391e-01
4.565689563751220703e-01
4.624888896942138672e-01
4.756393432617187500e-01
4.754946231842041016e-01
4.927706718444824219e-01
4.890270233154296875e-01
4.919283390045166016e-01
5.057044029235839844e-01
5.222251415252685547e-01
5.398349761962890625e-01
5.716609954833984375e-01
5.725762844085693359e-01
6.335659027099609375e-01
6.191129684448242188e-01
6.644108295440673828e-01
6.995046138763427734e-01
7.376818656921386719e-01
8.032078742980957031e-01
7.256057262420654297e-01
7.174112796783447266e-01
7.931005954742431641e-01
7.708868980407714844e-01
6.959180831909179688e-01
6.687283515930175781e-01
6.453304290771484375e-01
6.811215877532958984e-01
7.624187469482421875e-01
8.248119354248046875e-01
7.315623760223388672e-01
7.121477127075195312e-01
7.164874076843261719e-01
7.405138015747070312e-01
7.771172523498535156e-01
8.215007781982421875e-01
8.143389225006103516e-01
7.752044200897216797e-01
8.044493198394775391e-01
9.849643707275390625e-01
8.471379280090332031e-01
8.060295581817626953e-01
8.235042095184326172e-01
8.426311016082763672e-01
8.357987403869628906e-01
8.755726814270019531e-01
8.705420494079589844e-01
8.691706657409667969e-01
8.716855049133300781e-01
9.189767837524414062e-01
9.352893829345703125e-01
9.009871482849121094e-01
9.533069133758544922e-01
9.640100002288818359e-01
9.672756195068359375e-01
9.642522335052490234e-01
9.683706760406494141e-01
9.672079086303710938e-01
1.025958061218261719e+00
1.000350236892700195e+00
1.032889604568481445e+00
1.027086019515991211e+00
1.076758384704589844e+00
1.069999456405639648e+00
1.107676029205322266e+00
1.075248718261718750e+00
1.091970682144165039e+00
1.119601726531982422e+00
1.110743284225463867e+00
1.125838518142700195e+00
1.186561346054077148e+00
1.173259735107421875e+00
1.166558980941772461e+00
1.183884382247924805e+00
1.238111495971679688e+00
1.213583707809448242e+00
1.217875242233276367e+00
1.238414049148559570e+00
1.234085083007812500e+00
1.284565687179565430e+00
1.248690843582153320e+00
1.315968513488769531e+00
1.318215608596801758e+00
1.302666664123535156e+00
1.298845291137695312e+00
1.397658109664916992e+00
1.445980310440063477e+00
1.455043554306030273e+00
1.365182399749755859e+00
1.395725250244140625e+00
1.584890365600585938e+00
1.705471515655517578e+00
1.623489379882812500e+00
1.485630989074707031e+00
1.554242372512817383e+00
1.535880088806152344e+00
1.457959651947021484e+00
1.491966247558593750e+00
1.533074140548706055e+00
1.520158290863037109e+00
1.520380496978759766e+00
1.609921693801879883e+00
1.583512544631958008e+00
1.564599275588989258e+00
1.569101810455322266e+00
1.595599174499511719e+00
1.638006925582885742e+00
1.627926111221313477e+00
1.660645246505737305e+00
1.626111030578613281e+00
1.662702798843383789e+00
1.675326585769653320e+00
1.726788520812988281e+00
1.726833820343017578e+00
1.824460029602050781e+00
2.148912906646728516e+00
2.153579235076904297e+00
2.154131650924682617e+00
2.171204328536987305e+00
2.226819515228271484e+00
2.238198757171630859e+00
2.257095336914062500e+00
2.526000499725341797e+00
2.529123783111572266e+00
2.310799837112426758e+00
2.044562101364135742e+00
1.955725193023681641e+00
1.971822977066040039e+00
1.997240066528320312e+00
1.981305837631225586e+00
2.071190834045410156e+00
3.069655895233154297e+00
2.991327285766601562e+00
2.341392040252685547e+00
2.127010107040405273e+00
2.498808145523071289e+00
2.121751070022583008e+00
2.350743293762207031e+00
2.295452356338500977e+00
2.138794898986816406e+00
2.148158073425292969e+00
2.167308568954467773e+00
2.204139232635498047e+00
2.232076168060302734e+00
2.235921382904052734e+00
2.228821992874145508e+00
2.377505779266357422e+00
4.038933515548706055e+00
2.312939405441284180e+00
2.321299076080322266e+00
2.429675102233886719e+00
2.379421472549438477e+00
2.361746072769165039e+00
2.370212078094482422e+00
2.435533046722412109e+00
2.477451086044311523e+00
2.409930467605590820e+00
2.519116163253784180e+00
2.569007635116577148e+00
2.503106594085693359e+00
2.611907958984375000e+00
2.603864431381225586e+00
2.584341764450073242e+00
2.549147367477416992e+00
4.756612539291381836e+00
2.961324214935302734e+00
3.120810747146606445e+00
2.753214359283447266e+00
2.674549102783203125e+00
2.859328269958496094e+00
4.446930170059204102e+00
5.070417881011962891e+00
4.344307899475097656e+00
4.303249835968017578e+00
4.208490848541259766e+00
4.854131698608398438e+00
4.510256052017211914e+00
4.253369092941284180e+00
5.110417842864990234e+00
4.420334100723266602e+00
4.339516639709472656e+00
4.757402181625366211e+00
3.622703075408935547e+00
5.018692731857299805e+00
5.436939239501953125e+00
3.761565446853637695e+00
3.007659435272216797e+00
3.046675205230712891e+00
3.096833467483520508e+00
3.058892011642456055e+00
3.063354015350341797e+00
3.155683040618896484e+00
3.103429317474365234e+00
3.171654701232910156e+00
3.175878524780273438e+00
3.295361757278442383e+00
3.237164497375488281e+00
3.202485561370849609e+00
3.290968894958496094e+00
3.296685457229614258e+00
3.377036809921264648e+00
3.459537982940673828e+00
3.467939376831054688e+00
3.531945943832397461e+00
3.556545734405517578e+00
3.564145088195800781e+00
3.496550321578979492e+00
3.501898527145385742e+00
3.474913358688354492e+00
3.569144010543823242e+00
3.532701253890991211e+00
3.579568862915039062e+00
3.645736932754516602e+00
3.566141366958618164e+00
3.706031084060668945e+00
3.626547098159790039e+00
3.689262628555297852e+00
3.679917335510253906e+00
3.877044916152954102e+00
4.180866479873657227e+00
4.456692218780517578e+00
3.900775432586669922e+00
3.832897186279296875e+00
3.832717180252075195e+00
3.920198678970336914e+00
3.880602121353149414e+00
3.914221525192260742e+00
3.884137153625488281e+00
3.907677888870239258e+00
3.991002559661865234e+00
3.970666885375976562e+00
4.009700298309326172e+00
4.037187814712524414e+00
4.065133571624755859e+00
4.183363199234008789e+00
4.051405191421508789e+00
4.267213106155395508e+00
4.193092823028564453e+00
4.251638174057006836e+00
4.306420803070068359e+00
4.325263500213623047e+00
4.388877391815185547e+00
4.562693119049072266e+00
4.467478513717651367e+00
4.416663885116577148e+00
4.224148511886596680e+00
4.734110355377197266e+00
4.414812326431274414e+00
4.740518569946289062e+00
4.749191045761108398e+00
4.532868623733520508e+00
4.795131683349609375e+00
4.987448453903198242e+00
4.621506690979003906e+00
4.628811836242675781e+00
4.614128828048706055e+00
4.612109661102294922e+00
4.597711563110351562e+00
4.632769584655761719e+00
5.279399633407592773e+00
5.652794122695922852e+00
5.164408683776855469e+00
4.724202632904052734e+00
4.785015583038330078e+00
4.699197292327880859e+00
4.771032810211181641e+00
4.772110462188720703e+00
4.853829145431518555e+00
4.895838737487792969e+00
4.782402276992797852e+00
4.898888587951660156e+00
5.010438203811645508e+00
5.836140155792236328e+00
6.293610811233520508e+00
6.841513872146606445e+00
6.388441324234008789e+00
6.021188735961914062e+00
5.084278583526611328e+00
5.609281301498413086e+00
5.198980569839477539e+00
5.235831022262573242e+00
5.180972814559936523e+00
5.252183675765991211e+00
5.296576023101806641e+00
5.345687866210937500e+00
5.321217775344848633e+00
5.406756639480590820e+00
5.476278066635131836e+00
5.592593669891357422e+00
5.509092569351196289e+00
5.569233179092407227e+00
5.577630519866943359e+00
5.877869844436645508e+00
7.162587881088256836e+00
5.917625427246093750e+00
5.874178409576416016e+00
5.832993507385253906e+00
5.746046781539916992e+00
7.271353006362915039e+00
5.816341876983642578e+00
5.824248790740966797e+00
5.817719697952270508e+00
5.940850019454956055e+00
6.068771600723266602e+00
5.878731012344360352e+00
6.293113708496093750e+00
8.162875413894653320e+00
6.158716440200805664e+00
6.004741907119750977e+00
6.273252487182617188e+00
9.091021537780761719e+00
1.108090662956237793e+01
9.071567535400390625e+00
7.876766204833984375e+00
8.035708665847778320e+00
7.656412839889526367e+00
8.005149126052856445e+00
8.668919563293457031e+00
7.989544868469238281e+00
8.336191892623901367e+00
8.738340854644775391e+00
8.066409111022949219e+00
1.006309866905212402e+01
1.013572692871093750e+01
9.118481874465942383e+00
8.230731010437011719e+00
8.716624975204467773e+00
9.773556232452392578e+00
8.495960235595703125e+00
8.167862415313720703e+00
8.464923858642578125e+00
8.668917417526245117e+00
9.495010137557983398e+00
9.926099777221679688e+00
8.664441823959350586e+00
1.224082207679748535e+01
1.088399672508239746e+01
1.112835645675659180e+01
1.003912186622619629e+01
1.355492067337036133e+01
1.076500797271728516e+01
8.968259334564208984e+00
9.129987239837646484e+00
9.653260469436645508e+00
9.417108774185180664e+00
9.353667497634887695e+00
1.168271851539611816e+01
1.490698313713073730e+01
1.161616301536560059e+01
1.002796006202697754e+01
9.795349121093750000e+00
9.948272943496704102e+00
1.019896745681762695e+01
9.403771162033081055e+00
9.544594526290893555e+00
9.702935695648193359e+00
1.046370339393615723e+01
9.683059453964233398e+00
1.027203369140625000e+01
1.055737686157226562e+01
1.043107867240905762e+01
1.369342112541198730e+01
1.556131148338317871e+01
1.526706433296203613e+01
1.273184537887573242e+01
1.116814064979553223e+01
1.172346067428588867e+01
1.080034399032592773e+01
1.127543950080871582e+01
1.106029200553894043e+01
1.139053702354431152e+01
1.201325392723083496e+01
1.107125425338745117e+01
1.130539274215698242e+01
1.077404356002807617e+01
1.060765409469604492e+01
1.120184302330017090e+01
1.088340139389038086e+01
1.032521581649780273e+01
1.051171088218688965e+01
1.097096848487854004e+01
