0.000000000000000000e+00
0.000000000000000000e+00
0.000000000000000000e+00
0.000000000000000000e+00
0.000000000000000000e+00
0.000000000000000000e+00
0.000000000000000000e+00
0.000000000000000000e+00
0.000000000000000000e+00
0.000000000000000000e+00
0.000000000000000000e+00
0.000000000000000000e+00
0.000000000000000000e+00
1.805067062377929688e-03
5.071163177490234375e-04
0.000000000000000000e+00
0.000000000000000000e+00
0.000000000000000000e+00
0.000000000000000000e+00
0.000000000000000000e+00
0.000000000000000000e+00
0.000000000000000000e+00
0.000000000000000000e+00
0.000000000000000000e+00
0.000000000000000000e+00
0.000000000000000000e+00
5.462169647216796875e-04
0.000000000000000000e+00
0.000000000000000000e+00
0.000000000000000000e+00
0.000000000000000000e+00
0.000000000000000000e+00
1.999139785766601562e-03
1.564407348632812500e-02
0.000000000000000000e+00
0.000000000000000000e+00
0.000000000000000000e+00
0.000000000000000000e+00
0.000000000000000000e+00
0.000000000000000000e+00
0.000000000000000000e+00
1.562047004699707031e-02
0.000000000000000000e+00
0.000000000000000000e+00
1.405763626098632812e-02
0.000000000000000000e+00
0.000000000000000000e+00
0.000000000000000000e+00
7.007598876953125000e-03
0.000000000000000000e+00
0.000000000000000000e+00
0.000000000000000000e+00
1.130580902099609375e-03
0.000000000000000000e+00
1.580858230590820312e-02
0.000000000000000000e+00
3.171205520629882812e-03
3.103017807006835938e-03
2.671003341674804688e-03
3.123283386230468750e-03
2.000093460083007812e-03
3.038644790649414062e-03
0.000000000000000000e+00
0.000000000000000000e+00
1.724839210510253906e-02
1.404738426208496094e-02
0.000000000000000000e+00
0.000000000000000000e+00
0.000000000000000000e+00
0.000000000000000000e+00
1.405334472656250000e-02
5.544662475585937500e-03
0.000000000000000000e+00
0.000000000000000000e+00
0.000000000000000000e+00
0.000000000000000000e+00
1.304602622985839844e-02
0.000000000000000000e+00
4.602909088134765625e-03
1.567983627319335938e-02
0.000000000000000000e+00
1.797676086425781250e-03
0.000000000000000000e+00
0.000000000000000000e+00
0.000000000000000000e+00
0.000000000000000000e+00
0.000000000000000000e+00
1.869678497314453125e-03
0.000000000000000000e+00
0.000000000000000000e+00
0.000000000000000000e+00
0.000000000000000000e+00
0.000000000000000000e+00
0.000000000000000000e+00
0.000000000000000000e+00
0.000000000000000000e+00
0.000000000000000000e+00
5.462169647216796875e-04
0.000000000000000000e+00
1.562047004699707031e-02
0.000000000000000000e+00
1.450991630554199219e-02
0.000000000000000000e+00
0.000000000000000000e+00
2.647161483764648438e-03
1.567554473876953125e-02
1.404809951782226562e-02
0.000000000000000000e+00
1.405191421508789062e-02
1.562952995300292969e-02
0.000000000000000000e+00
0.000000000000000000e+00
0.000000000000000000e+00
0.000000000000000000e+00
1.571774482727050781e-02
0.000000000000000000e+00
0.000000000000000000e+00
0.000000000000000000e+00
0.000000000000000000e+00
1.401019096374511719e-02
1.799106597900390625e-02
1.404595375061035156e-02
0.000000000000000000e+00
0.000000000000000000e+00
1.740717887878417969e-02
1.641082763671875000e-02
0.000000000000000000e+00
1.729655265808105469e-02
1.563596725463867188e-02
0.000000000000000000e+00
0.000000000000000000e+00
0.000000000000000000e+00
0.000000000000000000e+00
0.000000000000000000e+00
0.000000000000000000e+00
1.767158508300781250e-03
1.568126678466796875e-02
1.564359664916992188e-02
1.344966888427734375e-02
0.000000000000000000e+00
5.414485931396484375e-04
0.000000000000000000e+00
0.000000000000000000e+00
1.412367820739746094e-02
0.000000000000000000e+00
0.000000000000000000e+00
0.000000000000000000e+00
1.014780998229980469e-02
8.437871932983398438e-03
1.560854911804199219e-02
0.000000000000000000e+00
0.000000000000000000e+00
0.000000000000000000e+00
1.733541488647460938e-02
0.000000000000000000e+00
1.772832870483398438e-02
0.000000000000000000e+00
0.000000000000000000e+00
1.563501358032226562e-02
1.404690742492675781e-02
0.000000000000000000e+00
1.527214050292968750e-02
0.000000000000000000e+00
1.455712318420410156e-02
1.563811302185058594e-02
1.597261428833007812e-02
0.000000000000000000e+00
1.451015472412109375e-02
1.405024528503417969e-02
1.572275161743164062e-02
1.689553260803222656e-02
1.678538322448730469e-02
0.000000000000000000e+00
1.724267005920410156e-02
0.000000000000000000e+00
1.556539535522460938e-02
1.563477516174316406e-02
1.761913299560546875e-03
1.709508895874023438e-02
1.561546325683593750e-02
0.000000000000000000e+00
1.566886901855468750e-02
1.562523841857910156e-02
0.000000000000000000e+00
1.562452316284179688e-02
0.000000000000000000e+00
1.405191421508789062e-02
1.567578315734863281e-02
0.000000000000000000e+00
1.567912101745605469e-02
0.000000000000000000e+00
8.183956146240234375e-03
1.254916191101074219e-02
0.000000000000000000e+00
1.965498924255371094e-02
1.562500000000000000e-02
1.562714576721191406e-02
1.404356956481933594e-02
1.717114448547363281e-02
1.405072212219238281e-02
1.539635658264160156e-02
0.000000000000000000e+00
1.404953002929687500e-02
1.325011253356933594e-02
1.562190055847167969e-02
1.355075836181640625e-02
3.843069076538085938e-03
1.405024528503417969e-02
1.254796981811523438e-02
1.747298240661621094e-02
1.748991012573242188e-02
0.000000000000000000e+00
0.000000000000000000e+00
1.923990249633789062e-02
1.724338531494140625e-02
1.564216613769531250e-02
1.568245887756347656e-02
1.305460929870605469e-02
1.562762260437011719e-02
1.567864418029785156e-02
0.000000000000000000e+00
0.000000000000000000e+00
0.000000000000000000e+00
1.455473899841308594e-02
0.000000000000000000e+00
0.000000000000000000e+00
1.405000686645507812e-02
1.557779312133789062e-02
1.405835151672363281e-02
1.673650741577148438e-02
1.405215263366699219e-02
0.000000000000000000e+00
0.000000000000000000e+00
1.562500000000000000e-02
1.673769950866699219e-02
1.671552658081054688e-02
1.613688468933105469e-02
1.405119895935058594e-02
1.400804519653320312e-02
1.401376724243164062e-02
1.505637168884277344e-02
1.251268386840820312e-02
1.563978195190429688e-02
1.707506179809570312e-02
1.556921005249023438e-02
1.451086997985839844e-02
1.505184173583984375e-02
0.000000000000000000e+00
1.415419578552246094e-02
2.031803131103515625e-02
1.401376724243164062e-02
1.540660858154296875e-02
1.405596733093261719e-02
8.047580718994140625e-03
1.405501365661621094e-02
1.563596725463867188e-02
1.405453681945800781e-02
1.725482940673828125e-02
1.563429832458496094e-02
1.404809951782226562e-02
1.567769050598144531e-02
1.563429832458496094e-02
1.573538780212402344e-02
1.430249214172363281e-02
1.842904090881347656e-02
1.677012443542480469e-02
1.563239097595214844e-02
1.451420783996582031e-02
1.567578315734863281e-02
1.338911056518554688e-02
1.745557785034179688e-02
1.722693443298339844e-02
1.753878593444824219e-02
1.455450057983398438e-02
1.305055618286132812e-02
1.455378532409667969e-02
1.561784744262695312e-02
1.569128036499023438e-02
1.568078994750976562e-02
1.778936386108398438e-02
1.451039314270019531e-02
1.405143737792968750e-02
1.568245887756347656e-02
1.859354972839355469e-02
1.497507095336914062e-02
1.869750022888183594e-02
1.451516151428222656e-02
1.561260223388671875e-02
1.401019096374511719e-02
1.703977584838867188e-02
2.342820167541503906e-02
2.484917640686035156e-02
1.598024368286132812e-02
1.351022720336914062e-02
3.027558326721191406e-02
1.917338371276855469e-02
3.463506698608398438e-02
1.355481147766113281e-02
3.242802619934082031e-02
1.456594467163085938e-02
1.942133903503417969e-02
1.562023162841796875e-02
1.772332191467285156e-02
2.044677734375000000e-02
2.188134193420410156e-02
1.562047004699707031e-02
1.454973220825195312e-02
1.304912567138671875e-02
1.669359207153320312e-02
1.563215255737304688e-02
1.562356948852539062e-02
1.454925537109375000e-02
1.566600799560546875e-02
1.564335823059082031e-02
1.562666893005371094e-02
1.404738426208496094e-02
0.000000000000000000e+00
1.523876190185546875e-02
1.451230049133300781e-02
1.451277732849121094e-02
1.729631423950195312e-02
1.300954818725585938e-02
1.563572883605957031e-02
1.566243171691894531e-02
1.256227493286132812e-02
3.621220588684082031e-02
1.563715934753417969e-02
1.562094688415527344e-02
1.490330696105957031e-02
1.568078994750976562e-02
1.762413978576660156e-02
1.564049720764160156e-02
2.000141143798828125e-02
1.568508148193359375e-02
1.562786102294921875e-02
1.401114463806152344e-02
1.562500000000000000e-02
1.300787925720214844e-02
1.735877990722656250e-02
2.191758155822753906e-02
1.205062866210937500e-02
1.405262947082519531e-02
1.737594604492187500e-02
1.562547683715820312e-02
1.404809951782226562e-02
2.673459053039550781e-02
1.455020904541015625e-02
1.275205612182617188e-02
2.974128723144531250e-02
1.562500000000000000e-02
1.740980148315429688e-02
1.305198669433593750e-02
1.736426353454589844e-02
1.675319671630859375e-02
1.662349700927734375e-02
1.734948158264160156e-02
1.556682586669921875e-02
1.737403869628906250e-02
1.564049720764160156e-02
1.150894165039062500e-02
1.560997962951660156e-02
1.735591888427734375e-02
2.138495445251464844e-02
1.568579673767089844e-02
1.737165451049804688e-02
1.562452316284179688e-02
1.644277572631835938e-02
1.568007469177246094e-02
1.562690734863281250e-02
1.748919486999511719e-02
1.802611351013183594e-02
1.729393005371093750e-02
1.562142372131347656e-02
1.953935623168945312e-02
1.568341255187988281e-02
1.564192771911621094e-02
1.562476158142089844e-02
1.563477516174316406e-02
1.566147804260253906e-02
1.563477516174316406e-02
2.775025367736816406e-02
1.562452316284179688e-02
1.405262947082519531e-02
1.734805107116699219e-02
1.684045791625976562e-02
1.591157913208007812e-02
2.964997291564941406e-02
1.404738426208496094e-02
3.163170814514160156e-02
1.619958877563476562e-02
1.451086997985839844e-02
1.405811309814453125e-02
1.569890975952148438e-02
1.567649841308593750e-02
1.668381690979003906e-02
1.579117774963378906e-02
1.563024520874023438e-02
3.314137458801269531e-02
1.410937309265136719e-02
1.401090621948242188e-02
3.125452995300292969e-02
3.269743919372558594e-02
1.570820808410644531e-02
2.222585678100585938e-02
3.265047073364257812e-02
1.104879379272460938e-02
1.451206207275390625e-02
3.122901916503906250e-02
3.130078315734863281e-02
1.737332344055175781e-02
3.126502037048339844e-02
1.562261581420898438e-02
3.144025802612304688e-02
3.121209144592285156e-02
3.446769714355468750e-02
3.130483627319335938e-02
1.779890060424804688e-02
1.424932479858398438e-02
1.556754112243652344e-02
1.405000686645507812e-02
1.405215263366699219e-02
1.558089256286621094e-02
1.960730552673339844e-02
2.964591979980468750e-02
1.753735542297363281e-02
1.451349258422851562e-02
2.978825569152832031e-02
1.497507095336914062e-02
2.923846244812011719e-02
1.351141929626464844e-02
1.767802238464355469e-02
4.842209815979003906e-02
2.815985679626464844e-02
2.570176124572753906e-02
2.656936645507812500e-02
2.472472190856933594e-02
2.489137649536132812e-02
2.539134025573730469e-02
2.637290954589843750e-02
2.665591239929199219e-02
3.466439247131347656e-02
3.186368942260742188e-02
2.595114707946777344e-02
3.246331214904785156e-02
2.736949920654296875e-02
2.794241905212402344e-02
3.077006340026855469e-02
3.046751022338867188e-02
2.621769905090332031e-02
2.700018882751464844e-02
3.157091140747070312e-02
1.927971839904785156e-02
3.061580657958984375e-02
2.966737747192382812e-02
2.551698684692382812e-02
2.724790573120117188e-02
3.600525856018066406e-02
2.971053123474121094e-02
4.381656646728515625e-02
4.251980781555175781e-02
3.552627563476562500e-02
3.169846534729003906e-02
3.222775459289550781e-02
3.823351860046386719e-02
3.125166893005371094e-02
1.580953598022460938e-02
3.714561462402343750e-02
2.646493911743164062e-02
3.180575370788574219e-02
3.161382675170898438e-02
4.948449134826660156e-02
3.908205032348632812e-02
3.119635581970214844e-02
1.602768898010253906e-02
2.681350708007812500e-02
3.214168548583984375e-02
1.450133323669433594e-02
3.998899459838867188e-02
2.629613876342773438e-02
2.746272087097167969e-02
3.228807449340820312e-02
7.625746726989746094e-02
7.146191596984863281e-02
4.943060874938964844e-02
3.349423408508300781e-02
5.771064758300781250e-02
2.674770355224609375e-02
3.685832023620605469e-02
3.326725959777832031e-02
3.931427001953125000e-02
3.420782089233398438e-02
3.007245063781738281e-02
2.754902839660644531e-02
3.187036514282226562e-02
3.050994873046875000e-02
3.744840621948242188e-02
4.017686843872070312e-02
3.177022933959960938e-02
3.158664703369140625e-02
3.600549697875976562e-02
