1.000000000000000000e+01
3.000000000000000000e+01
5.000000000000000000e+01
7.000000000000000000e+01
9.000000000000000000e+01
1.100000000000000000e+02
1.300000000000000000e+02
1.500000000000000000e+02
1.700000000000000000e+02
1.900000000000000000e+02
2.100000000000000000e+02
2.300000000000000000e+02
2.500000000000000000e+02
2.700000000000000000e+02
2.900000000000000000e+02
3.100000000000000000e+02
3.300000000000000000e+02
3.500000000000000000e+02
3.700000000000000000e+02
3.900000000000000000e+02
4.100000000000000000e+02
4.300000000000000000e+02
4.500000000000000000e+02
4.700000000000000000e+02
4.900000000000000000e+02
5.100000000000000000e+02
5.300000000000000000e+02
5.500000000000000000e+02
5.700000000000000000e+02
5.900000000000000000e+02
6.100000000000000000e+02
6.300000000000000000e+02
6.500000000000000000e+02
6.700000000000000000e+02
6.900000000000000000e+02
7.100000000000000000e+02
7.300000000000000000e+02
7.500000000000000000e+02
7.700000000000000000e+02
7.900000000000000000e+02
8.100000000000000000e+02
8.300000000000000000e+02
8.500000000000000000e+02
8.700000000000000000e+02
8.900000000000000000e+02
9.100000000000000000e+02
9.300000000000000000e+02
9.500000000000000000e+02
9.700000000000000000e+02
9.900000000000000000e+02
1.010000000000000000e+03
1.030000000000000000e+03
1.050000000000000000e+03
1.070000000000000000e+03
1.090000000000000000e+03
1.110000000000000000e+03
1.130000000000000000e+03
1.150000000000000000e+03
1.170000000000000000e+03
1.190000000000000000e+03
1.210000000000000000e+03
1.230000000000000000e+03
1.250000000000000000e+03
1.270000000000000000e+03
1.290000000000000000e+03
1.310000000000000000e+03
1.330000000000000000e+03
1.350000000000000000e+03
1.370000000000000000e+03
1.390000000000000000e+03
1.410000000000000000e+03
1.430000000000000000e+03
1.450000000000000000e+03
1.470000000000000000e+03
1.490000000000000000e+03
1.510000000000000000e+03
1.530000000000000000e+03
1.550000000000000000e+03
1.570000000000000000e+03
1.590000000000000000e+03
1.610000000000000000e+03
1.630000000000000000e+03
1.650000000000000000e+03
1.670000000000000000e+03
1.690000000000000000e+03
1.710000000000000000e+03
1.730000000000000000e+03
1.750000000000000000e+03
1.770000000000000000e+03
1.790000000000000000e+03
1.810000000000000000e+03
1.830000000000000000e+03
1.850000000000000000e+03
1.870000000000000000e+03
1.890000000000000000e+03
1.910000000000000000e+03
1.930000000000000000e+03
1.950000000000000000e+03
1.970000000000000000e+03
1.990000000000000000e+03
2.010000000000000000e+03
2.030000000000000000e+03
2.050000000000000000e+03
2.070000000000000000e+03
2.090000000000000000e+03
2.110000000000000000e+03
2.130000000000000000e+03
2.150000000000000000e+03
2.170000000000000000e+03
2.190000000000000000e+03
2.210000000000000000e+03
2.230000000000000000e+03
2.250000000000000000e+03
2.270000000000000000e+03
2.290000000000000000e+03
2.310000000000000000e+03
2.330000000000000000e+03
2.350000000000000000e+03
2.370000000000000000e+03
2.390000000000000000e+03
2.410000000000000000e+03
2.430000000000000000e+03
2.450000000000000000e+03
2.470000000000000000e+03
2.490000000000000000e+03
2.510000000000000000e+03
2.530000000000000000e+03
2.550000000000000000e+03
2.570000000000000000e+03
2.590000000000000000e+03
2.610000000000000000e+03
2.630000000000000000e+03
2.650000000000000000e+03
2.670000000000000000e+03
2.690000000000000000e+03
2.710000000000000000e+03
2.730000000000000000e+03
2.750000000000000000e+03
2.770000000000000000e+03
2.790000000000000000e+03
2.810000000000000000e+03
2.830000000000000000e+03
2.850000000000000000e+03
2.870000000000000000e+03
2.890000000000000000e+03
2.910000000000000000e+03
2.930000000000000000e+03
2.950000000000000000e+03
2.970000000000000000e+03
2.990000000000000000e+03
3.010000000000000000e+03
3.030000000000000000e+03
3.050000000000000000e+03
3.070000000000000000e+03
3.090000000000000000e+03
3.110000000000000000e+03
3.130000000000000000e+03
3.150000000000000000e+03
3.170000000000000000e+03
3.190000000000000000e+03
3.210000000000000000e+03
3.230000000000000000e+03
3.250000000000000000e+03
3.270000000000000000e+03
3.290000000000000000e+03
3.310000000000000000e+03
3.330000000000000000e+03
3.350000000000000000e+03
3.370000000000000000e+03
3.390000000000000000e+03
3.410000000000000000e+03
3.430000000000000000e+03
3.450000000000000000e+03
3.470000000000000000e+03
3.490000000000000000e+03
3.510000000000000000e+03
3.530000000000000000e+03
3.550000000000000000e+03
3.570000000000000000e+03
3.590000000000000000e+03
3.610000000000000000e+03
3.630000000000000000e+03
3.650000000000000000e+03
3.670000000000000000e+03
3.690000000000000000e+03
3.710000000000000000e+03
3.730000000000000000e+03
3.750000000000000000e+03
3.770000000000000000e+03
3.790000000000000000e+03
3.810000000000000000e+03
3.830000000000000000e+03
3.850000000000000000e+03
3.870000000000000000e+03
3.890000000000000000e+03
3.910000000000000000e+03
3.930000000000000000e+03
3.950000000000000000e+03
3.970000000000000000e+03
3.990000000000000000e+03
4.010000000000000000e+03
4.030000000000000000e+03
4.050000000000000000e+03
4.070000000000000000e+03
4.090000000000000000e+03
4.110000000000000000e+03
4.130000000000000000e+03
4.150000000000000000e+03
4.170000000000000000e+03
4.190000000000000000e+03
4.210000000000000000e+03
4.230000000000000000e+03
4.250000000000000000e+03
4.270000000000000000e+03
4.290000000000000000e+03
4.310000000000000000e+03
4.330000000000000000e+03
4.350000000000000000e+03
4.370000000000000000e+03
4.390000000000000000e+03
4.410000000000000000e+03
4.430000000000000000e+03
4.450000000000000000e+03
4.470000000000000000e+03
4.490000000000000000e+03
4.510000000000000000e+03
4.530000000000000000e+03
4.550000000000000000e+03
4.570000000000000000e+03
4.590000000000000000e+03
4.610000000000000000e+03
4.630000000000000000e+03
4.650000000000000000e+03
4.670000000000000000e+03
4.690000000000000000e+03
4.710000000000000000e+03
4.730000000000000000e+03
4.750000000000000000e+03
4.770000000000000000e+03
4.790000000000000000e+03
4.810000000000000000e+03
4.830000000000000000e+03
4.850000000000000000e+03
4.870000000000000000e+03
4.890000000000000000e+03
4.910000000000000000e+03
4.930000000000000000e+03
4.950000000000000000e+03
4.970000000000000000e+03
4.990000000000000000e+03
5.010000000000000000e+03
5.030000000000000000e+03
5.050000000000000000e+03
5.070000000000000000e+03
5.090000000000000000e+03
5.110000000000000000e+03
5.130000000000000000e+03
5.150000000000000000e+03
5.170000000000000000e+03
5.190000000000000000e+03
5.210000000000000000e+03
5.230000000000000000e+03
5.250000000000000000e+03
5.270000000000000000e+03
5.290000000000000000e+03
5.310000000000000000e+03
5.330000000000000000e+03
5.350000000000000000e+03
5.370000000000000000e+03
5.390000000000000000e+03
5.410000000000000000e+03
5.430000000000000000e+03
5.450000000000000000e+03
5.470000000000000000e+03
5.490000000000000000e+03
5.510000000000000000e+03
5.530000000000000000e+03
5.550000000000000000e+03
5.570000000000000000e+03
5.590000000000000000e+03
5.610000000000000000e+03
5.630000000000000000e+03
5.650000000000000000e+03
5.670000000000000000e+03
5.690000000000000000e+03
5.710000000000000000e+03
5.730000000000000000e+03
5.750000000000000000e+03
5.770000000000000000e+03
5.790000000000000000e+03
5.810000000000000000e+03
5.830000000000000000e+03
5.850000000000000000e+03
5.870000000000000000e+03
5.890000000000000000e+03
5.910000000000000000e+03
5.930000000000000000e+03
5.950000000000000000e+03
5.970000000000000000e+03
5.990000000000000000e+03
6.010000000000000000e+03
6.030000000000000000e+03
6.050000000000000000e+03
6.070000000000000000e+03
6.090000000000000000e+03
6.110000000000000000e+03
6.130000000000000000e+03
6.150000000000000000e+03
6.170000000000000000e+03
6.190000000000000000e+03
6.210000000000000000e+03
6.230000000000000000e+03
6.250000000000000000e+03
6.270000000000000000e+03
6.290000000000000000e+03
6.310000000000000000e+03
6.330000000000000000e+03
6.350000000000000000e+03
6.370000000000000000e+03
6.390000000000000000e+03
6.410000000000000000e+03
6.430000000000000000e+03
6.450000000000000000e+03
6.470000000000000000e+03
6.490000000000000000e+03
6.510000000000000000e+03
6.530000000000000000e+03
6.550000000000000000e+03
6.570000000000000000e+03
6.590000000000000000e+03
6.610000000000000000e+03
6.630000000000000000e+03
6.650000000000000000e+03
6.670000000000000000e+03
6.690000000000000000e+03
6.710000000000000000e+03
6.730000000000000000e+03
6.750000000000000000e+03
6.770000000000000000e+03
6.790000000000000000e+03
6.810000000000000000e+03
6.830000000000000000e+03
6.850000000000000000e+03
6.870000000000000000e+03
6.890000000000000000e+03
6.910000000000000000e+03
6.930000000000000000e+03
6.950000000000000000e+03
6.970000000000000000e+03
6.990000000000000000e+03
7.010000000000000000e+03
7.030000000000000000e+03
7.050000000000000000e+03
7.070000000000000000e+03
7.090000000000000000e+03
7.110000000000000000e+03
7.130000000000000000e+03
7.150000000000000000e+03
7.170000000000000000e+03
7.190000000000000000e+03
7.210000000000000000e+03
7.230000000000000000e+03
7.250000000000000000e+03
7.270000000000000000e+03
7.290000000000000000e+03
7.310000000000000000e+03
7.330000000000000000e+03
7.350000000000000000e+03
7.370000000000000000e+03
7.390000000000000000e+03
7.410000000000000000e+03
7.430000000000000000e+03
7.450000000000000000e+03
7.470000000000000000e+03
7.490000000000000000e+03
7.510000000000000000e+03
7.530000000000000000e+03
7.550000000000000000e+03
7.570000000000000000e+03
7.590000000000000000e+03
7.610000000000000000e+03
7.630000000000000000e+03
7.650000000000000000e+03
7.670000000000000000e+03
7.690000000000000000e+03
7.710000000000000000e+03
7.730000000000000000e+03
7.750000000000000000e+03
7.770000000000000000e+03
7.790000000000000000e+03
7.810000000000000000e+03
7.830000000000000000e+03
7.850000000000000000e+03
7.870000000000000000e+03
7.890000000000000000e+03
7.910000000000000000e+03
7.930000000000000000e+03
7.950000000000000000e+03
7.970000000000000000e+03
7.990000000000000000e+03
8.010000000000000000e+03
8.030000000000000000e+03
8.050000000000000000e+03
8.070000000000000000e+03
8.090000000000000000e+03
8.110000000000000000e+03
8.130000000000000000e+03
8.150000000000000000e+03
8.170000000000000000e+03
8.190000000000000000e+03
8.210000000000000000e+03
8.230000000000000000e+03
8.250000000000000000e+03
8.270000000000000000e+03
8.290000000000000000e+03
8.310000000000000000e+03
8.330000000000000000e+03
8.350000000000000000e+03
8.370000000000000000e+03
8.390000000000000000e+03
8.410000000000000000e+03
8.430000000000000000e+03
8.450000000000000000e+03
8.470000000000000000e+03
8.490000000000000000e+03
8.510000000000000000e+03
8.530000000000000000e+03
8.550000000000000000e+03
8.570000000000000000e+03
8.590000000000000000e+03
8.610000000000000000e+03
8.630000000000000000e+03
8.650000000000000000e+03
8.670000000000000000e+03
8.690000000000000000e+03
8.710000000000000000e+03
8.730000000000000000e+03
8.750000000000000000e+03
8.770000000000000000e+03
8.790000000000000000e+03
8.810000000000000000e+03
8.830000000000000000e+03
8.850000000000000000e+03
8.870000000000000000e+03
8.890000000000000000e+03
8.910000000000000000e+03
8.930000000000000000e+03
8.950000000000000000e+03
8.970000000000000000e+03
8.990000000000000000e+03
9.010000000000000000e+03
9.030000000000000000e+03
9.050000000000000000e+03
9.070000000000000000e+03
9.090000000000000000e+03
9.110000000000000000e+03
9.130000000000000000e+03
9.150000000000000000e+03
9.170000000000000000e+03
9.190000000000000000e+03
9.210000000000000000e+03
9.230000000000000000e+03
9.250000000000000000e+03
9.270000000000000000e+03
9.290000000000000000e+03
9.310000000000000000e+03
9.330000000000000000e+03
9.350000000000000000e+03
9.370000000000000000e+03
9.390000000000000000e+03
9.410000000000000000e+03
9.430000000000000000e+03
9.450000000000000000e+03
9.470000000000000000e+03
9.490000000000000000e+03
9.510000000000000000e+03
9.530000000000000000e+03
9.550000000000000000e+03
9.570000000000000000e+03
9.590000000000000000e+03
9.610000000000000000e+03
9.630000000000000000e+03
9.650000000000000000e+03
9.670000000000000000e+03
9.690000000000000000e+03
9.710000000000000000e+03
9.730000000000000000e+03
9.750000000000000000e+03
9.770000000000000000e+03
9.790000000000000000e+03
9.810000000000000000e+03
9.830000000000000000e+03
9.850000000000000000e+03
9.870000000000000000e+03
9.890000000000000000e+03
9.910000000000000000e+03
9.930000000000000000e+03
9.950000000000000000e+03
9.970000000000000000e+03
9.990000000000000000e+03
